18446744072966451458 18446744072968080847
18446744072966451172 18446744072968315973
18446744072966479146 18446744072968324187
18446744072966471035 18446744072968336172
18446744072966451715 18446744072968341596
18446744072966459110 18446744072968350635
18446744072966449450 18446744072968373593
18446744072966448633 18446744072968376549
18446744072966451360 18446744072968382032
18446744072966449449 18446744072968394772
18446744072966448688 18446744072968404057
18446744072966449210 18446744072968421151
18446744072966451335 18446744072968422152
18446744072966458942 18446744072968427044
18446744072966451481 18446744072968429843
18446744072966455254 18446744072968440551
