18446744073003923151 18446744073005750939
18446744073003927063 18446744073005818328
18446744073003923394 18446744073005833099
18446744073003927144 18446744073005836655
18446744073003927071 18446744073005870740
18446744073003923698 18446744073005871681
18446744073003935049 18446744073005871416
18446744073003935131 18446744073005876891
18446744073003942981 18446744073005878174
18446744073003923264 18446744073005883536
18446744073003923720 18446744073005884331
18446744073003943052 18446744073005887292
18446744073003935136 18446744073005888217
18446744073003971024 18446744073005890915
18446744073003927055 18446744073005898130
