18446744073007954245 18446744073009786421
18446744073007952726 18446744073009806313
18446744073007955822 18446744073009860680
18446744073007952516 18446744073009871401
18446744073007979410 18446744073009887353
18446744073007953185 18446744073009891036
18446744073007953196 18446744073009898743
18446744073007955270 18446744073009920570
18446744073007979031 18446744073009923895
18446744073007967975 18446744073009929091
18446744073008003069 18446744073009934414
18446744073007955291 18446744073009936572
18446744073007954656 18446744073009942919
18446744073007955294 18446744073009952745
18446744073007975054 18446744073009967934
18446744073007975027 18446744073009972255
