18446744073012015050 18446744073013875233
18446744073012013125 18446744073013878146
18446744073012035085 18446744073013901399
18446744073012023122 18446744073013927186
18446744073012013470 18446744073013943703
18446744073012013704 18446744073013947681
18446744073012013645 18446744073013948269
18446744073012047978 18446744073013957484
18446744073012055037 18446744073013959282
18446744073012047076 18446744073013977443
18446744073012015119 18446744073013997781
18446744073012015016 18446744073014001795
18446744073012014038 18446744073014015499
18446744073012015092 18446744073014018516
18446744073012019386 18446744073014019827
18446744073012023127 18446744073014036921
