18446744073016335132 18446744073018109229
18446744073016339128 18446744073018144675
18446744073016335069 18446744073018174683
18446744073016343101 18446744073018177628
18446744073016336573 18446744073018242376
18446744073016359045 18446744073018250527
18446744073016334771 18446744073018264862
18446744073016375037 18446744073018266256
18446744073016367031 18446744073018271264
18446744073016343096 18446744073018291080
18446744073016334848 18446744073018294154
18446744073016336618 18446744073018294973
18446744073016351021 18446744073018299491
18446744073016335390 18446744073018314587
18446744073016356254 18446744073018315223
18446744073016379030 18446744073018322469
