18446744073020366036 18446744073022080741
18446744073020367062 18446744073022183637
18446744073020365555 18446744073022235615
18446744073020365393 18446744073022263043
18446744073020379035 18446744073022274365
18446744073020387035 18446744073022285179
18446744073020365605 18446744073022288992
18446744073020375119 18446744073022297584
18446744073020367069 18446744073022302356
18446744073020365605 18446744073022305614
18446744073020375107 18446744073022310716
18446744073020366396 18446744073022312486
18446744073020386987 18446744073022323788
18446744073020367042 18446744073022332978
18446744073020383131 18446744073022342450
18446744073020435048 18446744073022398538
