18446744073024438989 18446744073026318044
18446744073024427837 18446744073026332261
18446744073024427948 18446744073026333387
18446744073024442866 18446744073026354097
18446744073024427820 18446744073026364840
18446744073024435039 18446744073026369336
18446744073024431073 18446744073026372525
18446744073024431068 18446744073026374400
18446744073024427313 18446744073026375294
18446744073024443055 18446744073026380217
18446744073024427414 18446744073026386634
18446744073024491029 18446744073026387099
18446744073024431075 18446744073026387440
18446744073024455026 18446744073026389759
18446744073024431041 18446744073026391238
18446744073024427837 18446744073026396420
