18446744072970483172 18446744072972338749
18446744072970483517 18446744072972351278
18446744072970487109 18446744072972365860
18446744072970515973 18446744072972412767
18446744072970483345 18446744072972413653
18446744072970484205 18446744072972423923
18446744072970487153 18446744072972428467
18446744072970503020 18446744072972440133
18446744072970487116 18446744072972441296
18446744072970490826 18446744072972441730
18446744072970483638 18446744072972443978
18446744072970483248 18446744072972450300
18446744072970491036 18446744072972452756
18446744072970515038 18446744072972455056
18446744072970487165 18446744072972456040
18446744072970482737 18446744072972456942
