18446744072974772344 18446744072976362864
18446744072974775068 18446744072976515539
18446744072974771893 18446744072976610910
18446744072974799036 18446744072976655873
18446744072974771452 18446744072976685220
18446744072974776179 18446744072976687658
18446744072974775164 18446744072976705439
18446744072974771403 18446744072976712714
18446744072974771704 18446744072976713067
18446744072974775131 18446744072976729561
18446744072974799070 18446744072976729690
18446744072974787004 18446744072976737261
18446744072974772319 18446744072976738856
18446744072974814747 18446744072976748603
18446744072974799070 18446744072976776916
18446744072974837350 18446744072976780614
