18446744072983198338 18446744072984929500
18446744072983198648 18446744072984976776
18446744072983198311 18446744072985061088
18446744072983199184 18446744072985066367
18446744072983243025 18446744072985070741
18446744072983247032 18446744072985074713
18446744072983199249 18446744072985076081
18446744072983198574 18446744072985129614
18446744072983201941 18446744072985135783
18446744072983203044 18446744072985143058
18446744072983203034 18446744072985155155
18446744072983203917 18446744072985155856
18446744072983201111 18446744072985161285
18446744072983203106 18446744072985184829
18446744072983201164 18446744072985213953
18446744072983211028 18446744072985214184
