18446744072987525118 18446744072989335431
18446744072987527254 18446744072989387213
18446744072987525174 18446744072989405240
18446744072987556004 18446744072989455686
18446744072987525134 18446744072989463720
18446744072987527161 18446744072989471923
18446744072987531090 18446744072989472001
18446744072987525741 18446744072989480914
18446744072987539045 18446744072989481722
18446744072987531155 18446744072989482367
18446744072987525464 18446744072989483293
18446744072987526028 18446744072989492435
18446744072987543036 18446744072989492903
18446744072987555031 18446744072989497795
18446744072987551028 18446744072989508105
