18446744072991603320 18446744072993459166
18446744072991611142 18446744072993517471
18446744072991598094 18446744072993544892
18446744072991603370 18446744072993546885
18446744072991598897 18446744072993548642
18446744072991598846 18446744072993549082
18446744072991599053 18446744072993552087
18446744072991622949 18446744072993557834
18446744072991607355 18446744072993562099
18446744072991611078 18446744072993563566
18446744072991598165 18446744072993568038
18446744072991598916 18446744072993568065
18446744072991599063 18446744072993569612
18446744072991623049 18446744072993572380
18446744072991607245 18446744072993574561
18446744072991598275 18446744072993592823
