18446744072995631107 18446744072997432852
18446744072995626963 18446744072997491676
18446744072995626376 18446744072997501841
18446744072995627074 18446744072997531959
18446744072995626677 18446744072997533061
18446744072995627044 18446744072997547925
18446744072995663058 18446744072997558777
18446744072995627134 18446744072997561234
18446744072995643051 18446744072997572469
18446744072995642974 18446744072997579368
18446744072995626081 18446744072997582554
18446744072995655049 18446744072997585214
18446744072995626348 18446744072997585735
18446744072995631055 18446744072997588520
18446744072995626079 18446744072997590444
18446744072995651025 18446744072997605212
