18446744072999902450 18446744073001666214
18446744072999903265 18446744073001758514
18446744072999902369 18446744073001763980
18446744072999911217 18446744073001767633
18446744072999947034 18446744073001805319
18446744072999902137 18446744073001824674
18446744072999901650 18446744073001834947
18446744072999927036 18446744073001842386
18446744072999903234 18446744073001844650
18446744072999915087 18446744073001851717
18446744072999903054 18446744073001856517
18446744072999915096 18446744073001860977
18446744072999901874 18446744073001875239
18446744072999901697 18446744073001881491
18446744072999903249 18446744073001890643
18446744072999935029 18446744073001891098
